version https://git-lfs.github.com/spec/v1
oid sha256:1a9eea673c7ba4e1057eb8de45699455f4b03f33523096b08c4579aa7560edef
size 16868203
